x1;y1;z1;x2;y2;z2;vx1;vy1;vz1
-215;-9520;54442;-1199;-9694;54349;-984;-174;-93
2053;-9331;53762;935;-9537;53649;-1118;-206;-113
1318;-9225;53830;192;-9426;53755;-1126;-201;-75
-1743;-9071;54449;-2924;-9262;54402;-1181;-191;-47
-525;-9145;54701;-1665;-9354;54629;-1140;-209;-72
-1965;-9162;55543;-3161;-9296;55567;-1196;-134;24
-1437;-9160;55962;-2573;-9352;55855;-1136;-192;-107
-627;-8907;54230;-1767;-9096;54133;-1140;-189;-97
1251;-9216;55303;161;-9404;55247;-1090;-188;-56
1064;-8845;54574;-53;-9109;54538;-1117;-264;-36
5;-8563;53651;-1135;-8799;53550;-1140;-236;-101
851;-8367;53337;-310;-8583;53305;-1161;-216;-32
354;-8349;52665;-810;-8595;52634;-1164;-246;-31
1189;-8231;52283;16;-8482;52241;-1173;-251;-42
12;-8482;54280;-1165;-8654;54180;-1177;-172;-100
-2258;-8512;55028;-3453;-8684;55002;-1195;-172;-26
-2240;-8564;56056;-3449;-8715;56042;-1209;-151;-14
-406;-8338;54099;-1588;-8539;54058;-1182;-201;-41
2804;-8221;53040;1685;-8409;52924;-1119;-188;-116
-2288;-8593;56790;-3467;-8751;56720;-1179;-158;-70
-1748;-8267;54504;-2917;-8437;54459;-1169;-170;-45
734;-8255;54301;-412;-8416;54247;-1146;-161;-54
59;-8080;53101;-1162;-8300;53037;-1221;-220;-64
-329;-8255;55154;-1446;-8480;55154;-1117;-225;0
-677;-7987;54330;-1801;-8181;54238;-1124;-194;-92
-1761;-8225;55503;-2940;-8411;55462;-1179;-186;-41
-1703;-8462;57338;-2864;-8616;57261;-1161;-154;-77
-439;-7939;53345;-1590;-8139;53325;-1151;-200;-20
-1243;-7969;54250;-2413;-8166;54211;-1170;-197;-39
440;-7822;52877;-733;-8029;52873;-1173;-207;-4
-916;-8117;56096;-2010;-8376;55994;-1094;-259;-102
-1692;-8088;56616;-2801;-8247;56658;-1109;-159;42
204;-8103;56639;-891;-8226;56601;-1095;-123;-38
3748;-7876;54476;2687;-8078;54365;-1061;-202;-111
-1640;-7539;55035;-2796;-7607;54906;-1156;-68;-129
-1132;-7878;56348;-2293;-8038;56322;-1161;-160;-26
1581;-7811;54974;532;-8050;54736;-1049;-239;-238
4947;-7790;54297;3861;-8003;54182;-1086;-213;-115
5280;-7956;55338;4201;-8178;55225;-1079;-222;-113
4410;-7643;54191;3322;-7833;54069;-1088;-190;-122
5778;-7976;56031;4674;-8171;55981;-1104;-195;-50
-51;-7491;53172;-1245;-7700;53207;-1194;-209;35
4591;-7876;55425;3490;-8101;55260;-1101;-225;-165
1033;-8088;57814;-150;-8265;57681;-1183;-177;-133
507;-7910;57264;-671;-8115;57241;-1178;-205;-23
-2819;-7472;56784;-3980;-7614;56799;-1161;-142;15
-2473;-7731;57222;-3645;-7914;57394;-1172;-183;172
-931;-7952;58638;-2069;-8135;58566;-1138;-183;-72
-2049;-7672;56483;-3192;-7808;56383;-1143;-136;-100
1720;-7178;52623;582;-7300;52623;-1138;-122;0
5322;-7406;53638;4208;-7553;53537;-1114;-147;-101
393;-7135;53806;-755;-7299;53757;-1148;-164;-49
-747;-7190;55671;-1881;-7377;55615;-1134;-187;-56
3923;-7288;53958;2859;-7495;53815;-1064;-207;-143
2631;-7525;56534;1565;-7718;56424;-1066;-193;-110
4356;-7063;53240;3291;-7273;53124;-1065;-210;-116
1022;-7164;54393;-172;-7312;54338;-1194;-148;-55
-1460;-7583;58707;-2589;-7772;58680;-1129;-189;-27
-2113;-7334;58649;-3263;-7544;58581;-1150;-210;-68
5776;-7117;55271;4660;-7304;55235;-1116;-187;-36
3150;-6607;52587;2017;-6799;52532;-1133;-192;-55
-1813;-7093;58114;-2967;-7288;58050;-1154;-195;-64
-2216;-6784;56974;-3361;-6935;56962;-1145;-151;-12
-1225;-6938;59332;-2340;-7143;59257;-1115;-205;-75
3820;-7253;57913;2814;-7480;57824;-1006;-227;-89
4096;-7007;55962;3032;-7190;55782;-1064;-183;-180
5392;-6666;52933;4284;-6799;52813;-1108;-133;-120
-2670;-6948;57951;-3836;-7135;57927;-1166;-187;-24
941;-6677;54769;-182;-6906;54670;-1123;-229;-99
-1413;-6754;56121;-2565;-6940;56037;-1152;-186;-84
-124;-7119;59608;-1225;-7381;59560;-1101;-262;-48
-1981;-6747;56211;-3142;-6950;56173;-1161;-203;-38
-1248;-6629;55459;-2400;-6874;55398;-1152;-245;-61
5620;-6853;57281;4554;-7054;57168;-1066;-201;-113
-3173;-6804;59095;-4354;-6949;59218;-1181;-145;123
1314;-6758;57544;219;-6989;57463;-1095;-231;-81
3992;-6305;52895;2945;-6527;52752;-1047;-222;-143
-2295;-6679;58296;-3465;-6905;58157;-1170;-226;-139
4167;-6575;56529;3106;-6784;56443;-1061;-209;-86
-2900;-6612;58751;-4053;-6815;58686;-1153;-203;-65
489;-6375;55241;-672;-6589;55128;-1161;-214;-113
4616;-6660;56725;3611;-6940;56478;-1005;-280;-247
7185;-6492;55235;6086;-6636;55050;-1099;-144;-185
4704;-6249;55765;3656;-6464;55746;-1048;-215;-19
3162;-6001;52592;2047;-6278;52562;-1115;-277;-30
-1565;-6206;55571;-2678;-6483;55449;-1113;-277;-122
3864;-6425;57593;2765;-6668;57484;-1099;-243;-109
5689;-5875;54164;4589;-6010;54087;-1100;-135;-77
5177;-5948;53569;4072;-6088;53453;-1105;-140;-116
5913;-6000;54926;4846;-6176;54813;-1067;-176;-113
1838;-6178;56041;737;-6422;56066;-1101;-244;25
-2491;-6243;58513;-3678;-6386;58446;-1187;-143;-67
4935;-5955;55344;3929;-6201;55156;-1006;-246;-188
-2220;-5988;57948;-3337;-6211;57841;-1117;-223;-107
-1488;-5985;59832;-2626;-6222;59723;-1138;-237;-109
-2748;-6102;60432;-3924;-6302;60382;-1176;-200;-50
-1044;-5809;57045;-2162;-6069;56932;-1118;-260;-113
5873;-5753;55235;4780;-5930;55115;-1093;-177;-120
1723;-5559;54251;600;-5784;54202;-1123;-225;-49
1030;-5606;55176;-103;-5811;55083;-1133;-205;-93
-2106;-6140;61410;-3282;-6325;61232;-1176;-185;-178
-2808;-5876;60069;-3976;-6088;60001;-1168;-212;-68
6155;-5417;53222;5055;-5621;53132;-1100;-204;-90
900;-5811;59124;-184;-6011;59058;-1084;-200;-66
-3563;-5719;59120;-4772;-5886;59054;-1209;-167;-66
1015;-5896;60455;-75;-6125;60390;-1090;-229;-65
804;-5425;55555;-325;-5665;55493;-1129;-240;-62
5452;-5385;54318;4367;-5539;54219;-1085;-154;-99
1305;-5377;56047;221;-5580;55952;-1084;-203;-95
4637;-5355;55003;3532;-5511;54896;-1105;-156;-107
5712;-5296;53895;4594;-5418;53783;-1118;-122;-112
6349;-5612;57295;5304;-5813;57229;-1045;-201;-66
-1704;-5423;57722;-2829;-5606;57579;-1125;-183;-143
3081;-5158;53484;1956;-5377;53405;-1125;-219;-79
4692;-5480;58594;3659;-5779;58479;-1033;-299;-115
-1308;-5503;60267;-2452;-5759;60254;-1144;-256;-13
-2734;-5357;58481;-3879;-5583;58279;-1145;-226;-202
6558;-5257;57270;5515;-5473;57266;-1043;-216;-4
5662;-5277;55727;4579;-5508;55619;-1083;-231;-108
5087;-5046;53146;3939;-5180;53064;-1148;-134;-82
452;-5098;54992;-759;-5350;54992;-1211;-252;0
-2972;-5484;60951;-4068;-5738;60806;-1096;-254;-145
479;-4989;56033;-612;-5172;55929;-1091;-183;-104
5123;-5077;55920;4055;-5261;55743;-1068;-184;-177
2635;-5328;58754;1546;-5578;58657;-1089;-250;-97
3238;-5144;57012;2188;-5429;56944;-1050;-285;-68
6527;-5090;55293;5414;-5182;55149;-1113;-92;-144
4963;-5253;58207;3848;-5458;58173;-1115;-205;-34
-1558;-5448;62249;-2698;-5673;62167;-1140;-225;-82
422;-4909;57167;-664;-5109;57038;-1086;-200;-129
4309;-4926;56594;3243;-5189;56494;-1066;-263;-100
-1992;-5100;60042;-3082;-5338;59907;-1090;-238;-135
-2139;-4883;58081;-3248;-5130;57952;-1109;-247;-129
4039;-5051;57541;2924;-5320;57502;-1115;-269;-39
1467;-5277;61893;391;-5517;61801;-1076;-240;-92
-1180;-5066;62981;-2324;-5298;62979;-1144;-232;-2
-2113;-5052;60575;-3225;-5256;60489;-1112;-204;-86
-2378;-4632;60021;-3492;-4857;59940;-1114;-225;-81
-185;-5097;60074;-1210;-5396;59867;-1025;-299;-207
2745;-5223;60698;1709;-5465;60712;-1036;-242;14
3272;-4665;57979;2191;-4877;57845;-1081;-212;-134
2639;-4729;56441;1566;-4988;56354;-1073;-259;-87
3515;-4563;54025;2383;-4800;54020;-1132;-237;-5
4607;-4645;54972;3564;-4859;54862;-1043;-214;-110
-612;-4858;59185;-1710;-5069;59114;-1098;-211;-71
-3566;-4840;60921;-4663;-5020;60790;-1097;-180;-131
4;-4606;57080;-1095;-4866;56944;-1099;-260;-136
355;-4523;56355;-803;-4752;56229;-1158;-229;-126
5971;-4542;56085;4869;-4756;55968;-1102;-214;-117
612;-4701;61101;-473;-4920;61058;-1085;-219;-43
-796;-4436;57407;-1885;-4622;57285;-1089;-186;-122
7444;-4453;56191;6392;-4686;56061;-1052;-233;-130
-1455;-4560;59741;-2554;-4825;59656;-1099;-265;-85
1795;-4373;56621;754;-4565;56452;-1041;-192;-169
-1871;-4450;59475;-2977;-4706;59389;-1106;-256;-86
781;-4696;62278;-391;-4944;62320;-1172;-248;42
6630;-4450;57994;5584;-4706;57918;-1046;-256;-76
667;-4737;63817;-444;-4964;63797;-1111;-227;-20
3902;-4503;60290;2877;-4795;60194;-1025;-292;-96
3946;-4043;54435;2943;-4288;54429;-1003;-245;-6
4070;-4238;59065;3054;-4529;58880;-1016;-291;-185
3319;-4186;57089;2226;-4444;56961;-1093;-258;-128
2888;-4218;57551;1903;-4487;57351;-985;-269;-200
-3523;-4360;62060;-4616;-4580;62021;-1093;-220;-39
6090;-4146;57234;4990;-4411;57170;-1100;-265;-64
7039;-3937;55760;6005;-4105;55659;-1034;-168;-101
6334;-3956;54713;5287;-4162;54549;-1047;-206;-164
5213;-4184;58025;4161;-4503;58038;-1052;-319;13
4049;-3885;55869;2944;-4172;55725;-1105;-287;-144
289;-4487;64345;-807;-4696;64292;-1096;-209;-53
2956;-4405;63144;1962;-4632;63056;-994;-227;-88
6538;-4031;57168;5516;-4241;57037;-1022;-210;-131
-1499;-4244;63666;-2609;-4436;63638;-1110;-192;-28
-1930;-4265;63067;-3039;-4452;63011;-1109;-187;-56
2086;-4319;65829;950;-4603;65621;-1136;-284;-208
3255;-4050;61286;2241;-4332;61161;-1014;-282;-125
-301;-3887;59633;-1360;-4170;59497;-1059;-283;-136
4641;-3749;57089;3594;-4039;57001;-1047;-290;-88
5014;-3792;58082;3980;-4089;57943;-1034;-297;-139
356;-3766;58482;-717;-4032;58391;-1073;-266;-91
-3191;-3798;61239;-4322;-3979;61221;-1131;-181;-18
-1760;-3868;61746;-2872;-4065;61653;-1112;-197;-93
6071;-3581;56643;5080;-3813;56491;-991;-232;-152
3971;-3682;59113;2992;-3916;59104;-979;-234;-9
-3566;-3810;62895;-4671;-3931;62789;-1105;-121;-106
2135;-3447;56565;1078;-3640;56396;-1057;-193;-169
-1901;-3779;63785;-3037;-3946;63789;-1136;-167;4
-2497;-3576;61841;-3630;-3745;61823;-1133;-169;-18
2912;-3759;63196;1828;-4016;63238;-1084;-257;42
-801;-3712;63026;-1934;-3882;62963;-1133;-170;-63
5848;-3533;59024;4818;-3847;58964;-1030;-314;-60
4357;-3622;61651;3310;-3913;61530;-1047;-291;-121
-1522;-3500;63324;-2579;-3696;63271;-1057;-196;-53
310;-3358;60939;-719;-3745;60839;-1029;-387;-100
6448;-3466;62096;5372;-3683;61855;-1076;-217;-241
3949;-3312;60873;2881;-3537;60780;-1068;-225;-93
-3814;-3474;64914;-4955;-3625;64879;-1141;-151;-35
167;-3315;62680;-907;-3583;62647;-1074;-268;-33
2824;-3322;62238;1735;-3535;62137;-1089;-213;-101
-58;-3111;58887;-1053;-3428;58791;-995;-317;-96
-3705;-3298;64320;-4827;-3441;64249;-1122;-143;-71
4548;-3174;59991;3577;-3449;59911;-971;-275;-80
5461;-3125;58738;4472;-3472;58715;-989;-347;-23
5201;-2954;58020;4144;-3275;57944;-1057;-321;-76
4694;-2807;56800;3643;-3127;56801;-1051;-320;1
7457;-2940;55247;6397;-3160;55187;-1060;-220;-60
-1877;-3097;60786;-2979;-3413;60789;-1102;-316;3
7964;-3051;58344;6958;-3277;58241;-1006;-226;-103
-867;-3289;65817;-2043;-3475;65850;-1176;-186;33
4432;-3234;62806;3322;-3455;62748;-1110;-221;-58
7493;-3065;58975;6519;-3303;58810;-974;-238;-165
6876;-3069;59708;5856;-3307;59613;-1020;-238;-95
3432;-3085;61898;2419;-3352;61834;-1013;-267;-64
1419;-2747;57720;406;-3033;57613;-1013;-286;-107
81;-2973;60828;-980;-3316;60782;-1061;-343;-46
3597;-2911;58633;2590;-3220;58527;-1007;-309;-106
2859;-2636;57454;1811;-2956;57371;-1048;-320;-83
-2688;-3121;65694;-3829;-3320;65753;-1141;-199;59
-988;-3089;64515;-2107;-3257;64541;-1119;-168;26
7949;-2798;57526;6907;-3044;57406;-1042;-246;-120
9726;-2753;56897;8693;-2983;56920;-1033;-230;23
-109;-2944;63136;-1164;-3193;63136;-1055;-249;0
2624;-2789;58932;1579;-3110;58848;-1045;-321;-84
5491;-2914;60989;4475;-3164;60895;-1016;-250;-94
6857;-2745;58759;5830;-2961;58645;-1027;-216;-114
6394;-2769;57604;5394;-3005;57519;-1000;-236;-85
-3220;-2810;62595;-4294;-2997;62625;-1074;-187;30
8103;-2634;56855;7079;-2897;56752;-1024;-263;-103
-1316;-2917;64948;-2441;-3149;65016;-1125;-232;68
-1026;-2743;61612;-2100;-3029;61504;-1074;-286;-108
4409;-2542;56341;3277;-2863;56320;-1132;-321;-21
5424;-2710;60472;4405;-2920;60398;-1019;-210;-74
4516;-2533;59158;3493;-2821;59049;-1023;-288;-109
-2458;-2602;61813;-3537;-2791;61726;-1079;-189;-87
6734;-2332;56594;5662;-2583;56580;-1072;-251;-14
-3413;-2522;65146;-4498;-2677;65160;-1085;-155;14
-3342;-2602;65733;-4465;-2715;65700;-1123;-113;-33
5577;-2430;58732;4581;-2720;58683;-996;-290;-49
-1431;-2478;61290;-2569;-2724;61210;-1138;-246;-80
7550;-2376;60868;6507;-2628;60757;-1043;-252;-111
8007;-2246;56954;6972;-2465;56974;-1035;-219;20
-1812;-2439;64807;-2872;-2633;65042;-1060;-194;235
3979;-2253;58280;2953;-2617;58174;-1026;-364;-106
3777;-2376;63115;2699;-2617;63113;-1078;-241;-2
5587;-2363;62280;4507;-2590;62110;-1080;-227;-170
1764;-2436;65843;677;-2677;65738;-1087;-241;-105
4481;-2246;61215;3395;-2486;61127;-1086;-240;-88
6507;-2217;59913;5467;-2448;59784;-1040;-231;-129
308;-2235;63107;-796;-2481;63033;-1104;-246;-74
1169;-2167;65618;132;-2345;65793;-1037;-178;175
2074;-2130;59016;1036;-2440;58956;-1038;-310;-60
5149;-2323;64456;4068;-2620;64273;-1081;-297;-183
4929;-2055;62710;3823;-2328;62526;-1106;-273;-184
2830;-2045;58712;1724;-2387;58667;-1106;-342;-45
-2720;-2123;66139;-3798;-2222;66091;-1078;-99;-48
-3533;-2163;63578;-4671;-2334;63558;-1138;-171;-20
-2161;-2283;66482;-3281;-2404;66573;-1120;-121;91
5687;-1968;57720;4675;-2254;57666;-1012;-286;-54
-2704;-2077;62599;-3811;-2282;62650;-1107;-205;51
-835;-2162;67271;-2005;-2257;67365;-1170;-95;94
7158;-2059;62120;6150;-2244;62083;-1008;-185;-37
7738;-1938;58969;6696;-2118;58878;-1042;-180;-91
-3945;-1994;64351;-5042;-2216;64314;-1097;-222;-37
-2038;-2016;67404;-3144;-2114;67401;-1106;-98;-3
1619;-1821;60138;592;-2186;60229;-1027;-365;91
2215;-1771;60183;1197;-2143;60037;-1018;-372;-146
5722;-1730;59092;4729;-1967;58999;-993;-237;-93
601;-1890;64631;-460;-2159;64624;-1061;-269;-7
-1384;-1928;65789;-2416;-2077;65798;-1032;-149;9
-565;-1852;67663;-1722;-1968;67758;-1157;-116;95
-4172;-1847;65855;-5310;-1951;65812;-1138;-104;-43
-3923;-1665;66598;-5015;-1796;66627;-1092;-131;29
6060;-1650;58354;5089;-1965;58292;-971;-315;-62
-1399;-1831;67041;-2524;-1943;67018;-1125;-112;-23
-2730;-1667;63042;-3813;-1877;63057;-1083;-210;15
3160;-1699;61228;2172;-2006;61075;-988;-307;-153
-2500;-1715;64883;-3629;-1839;64938;-1129;-124;55
378;-1638;59881;-682;-2010;59855;-1060;-372;-26
-2135;-1800;68189;-3261;-1894;68214;-1126;-94;25
5872;-1702;61830;4833;-1976;61623;-1039;-274;-207
-3125;-1683;67243;-4207;-1837;67262;-1082;-154;19
1084;-1661;63846;90;-1892;63833;-994;-231;-13
5429;-1525;60060;4374;-1728;60022;-1055;-203;-38
7507;-1610;61806;6529;-1773;61720;-978;-163;-86
-3987;-1638;65549;-5078;-1816;65479;-1091;-178;-70
4391;-1606;64598;3331;-1797;64545;-1060;-191;-53
4900;-1591;63056;3838;-1833;62965;-1062;-242;-91
-1370;-1560;66202;-2389;-1751;66128;-1019;-191;-74
5648;-1403;58787;4603;-1637;58677;-1045;-234;-110
1591;-1389;61447;573;-1692;61375;-1018;-303;-72
-2035;-1421;61812;-3115;-1719;61736;-1080;-298;-76
3787;-1388;63078;2777;-1614;62994;-1010;-226;-84
721;-1406;65740;-337;-1629;65685;-1058;-223;-55
-2301;-1393;67895;-3432;-1508;67924;-1131;-115;29
5234;-1278;61030;4255;-1476;60944;-979;-198;-86
8375;-1124;58318;7330;-1337;58284;-1045;-213;-34
-4046;-1277;66436;-5159;-1418;66381;-1113;-141;-55
-2692;-1195;64371;-3800;-1426;64352;-1108;-231;-19
3100;-1164;62796;2141;-1451;62633;-959;-287;-163
6387;-1175;61375;5380;-1301;61315;-1007;-126;-60
2009;-1165;64541;928;-1381;64527;-1081;-216;-14
483;-1070;60042;-613;-1416;59903;-1096;-346;-139
-900;-1206;66200;-2030;-1337;66213;-1130;-131;13
8714;-1090;60215;7680;-1262;60212;-1034;-172;-3
1650;-955;61266;512;-1225;61186;-1138;-270;-80
158;-943;60997;-825;-1246;61034;-983;-303;37
-3945;-990;64913;-5027;-1197;64901;-1082;-207;-12
5473;-874;59299;4440;-1139;59159;-1033;-265;-140
9297;-904;61223;8248;-1184;61135;-1049;-280;-88
-2419;-717;64873;-3488;-944;64843;-1069;-227;-30
-2708;-556;63821;-3768;-751;63838;-1060;-195;17
-2745;-810;63184;-3828;-1042;63360;-1083;-232;176
-1717;-834;62228;-2690;-1171;62112;-973;-337;-116
3170;-858;61874;2150;-1123;61722;-1020;-265;-152
3690;-847;64484;2578;-1080;64404;-1112;-233;-80
346;-899;68598;-774;-1060;68642;-1120;-161;44
-2260;-842;68772;-3382;-987;68834;-1122;-145;62
3979;-776;63080;2920;-1017;62972;-1059;-241;-108
8572;-668;59219;7581;-888;59085;-991;-220;-134
-1640;-733;61423;-2734;-1043;61368;-1094;-310;-55
4580;-714;60172;3518;-1005;60125;-1062;-291;-47
-1432;-668;65446;-2470;-785;65565;-1038;-117;119
94;-636;64579;-963;-886;64520;-1057;-250;-59
-4011;-665;66269;-5099;-778;66259;-1088;-113;-10
-336;-691;66282;-1416;-841;66469;-1080;-150;187
5838;-601;63441;4721;-864;63304;-1117;-263;-137
5938;-525;59001;4940;-830;58781;-998;-305;-220
3752;-576;63816;2699;-783;63689;-1053;-207;-127
9445;-535;59068;8433;-714;59203;-1012;-179;135
6913;-470;62361;5873;-705;62290;-1040;-235;-71
7850;-484;60264;6799;-723;60181;-1051;-239;-83
1194;-479;64509;172;-733;64432;-1022;-254;-77
2231;-537;66443;1168;-682;66553;-1063;-145;110
7638;-439;61662;6602;-672;61541;-1036;-233;-121
841;-364;62044;-238;-546;61989;-1079;-182;-55
3145;-160;59795;2035;-444;59768;-1110;-284;-27
5614;-337;64888;4538;-583;64941;-1076;-246;53
7467;-311;62964;6436;-483;62838;-1031;-172;-126
8761;-333;61428;7714;-549;61275;-1047;-216;-153
7463;-262;59431;6397;-553;59282;-1066;-291;-149
-3023;-322;68329;-4110;-392;68420;-1087;-70;91
-3937;-158;65831;-4986;-291;65864;-1049;-133;33
87;-265;63491;-952;-443;63505;-1039;-178;14
1884;-155;62927;841;-354;62919;-1043;-199;-8
-3661;-206;67805;-4771;-317;67842;-1110;-111;37
2865;-140;67236;1771;-287;67265;-1094;-147;29
3888;-169;60781;2839;-325;60792;-1049;-156;11
-1623;-161;66761;-2727;-363;66794;-1104;-202;33
-2214;7;65671;-3268;-182;65750;-1054;-189;79
-2137;-138;63476;-3202;-385;63415;-1065;-247;-61
3785;-58;65129;2697;-206;65182;-1088;-148;53
8672;-55;59065;7647;-281;58954;-1025;-226;-111
-1580;-119;68764;-2657;-257;68846;-1077;-138;82
3470;-46;61555;2408;-312;61387;-1062;-266;-168
6995;-72;64213;5929;-344;64114;-1066;-272;-99
8401;-26;62716;7351;-188;62497;-1050;-162;-219
5535;22;59431;4481;-227;59299;-1054;-249;-132
385;55;67682;-733;-66;67806;-1118;-121;124
3984;72;64512;2880;-151;64426;-1104;-223;-86
6075;114;64352;4996;-175;64252;-1079;-289;-100
6654;119;62271;5553;-77;62135;-1101;-196;-136
953;224;65341;-101;23;65390;-1054;-201;49
1562;135;69559;427;-8;69633;-1135;-143;74
3146;160;60278;2076;-55;60139;-1070;-215;-139
-3725;173;67219;-4839;107;67289;-1114;-66;70
3360;249;68785;2237;78;68804;-1123;-171;19
510;240;68581;-622;31;68659;-1132;-209;78
-1046;276;67505;-2137;135;67604;-1091;-141;99
6350;320;60252;5319;76;60155;-1031;-244;-97
-2636;326;64360;-3747;80;64364;-1111;-246;4
-1256;273;63333;-2279;20;63374;-1023;-253;41
5105;356;63394;4048;163;63299;-1057;-193;-95
-3929;520;66566;-4985;398;66624;-1056;-122;58
1207;367;67104;141;180;67025;-1066;-187;-79
4218;484;66816;3233;345;66746;-985;-139;-70
1923;382;61315;875;82;61147;-1048;-300;-168
-1245;435;69820;-2336;283;69882;-1091;-152;62
1250;551;62187;127;359;62131;-1123;-192;-56
3262;556;66248;2217;454;66152;-1045;-102;-96
-2684;527;69254;-3772;392;69258;-1088;-135;4
-1561;581;64968;-2661;462;65084;-1100;-119;116
9142;638;62179;8131;464;62043;-1011;-174;-136
6459;608;62630;5360;441;62553;-1099;-167;-77
-4147;637;67671;-5226;586;67731;-1079;-51;60
4162;725;67911;3091;571;67879;-1071;-154;-32
262;606;63313;-748;338;63244;-1010;-268;-69
2827;648;67121;1831;447;66996;-996;-201;-125
8516;849;61976;7510;615;61804;-1006;-234;-172
7216;701;59931;6166;518;59848;-1050;-183;-83
6144;793;60502;5082;575;60383;-1062;-218;-119
5873;766;60876;4838;646;60758;-1035;-120;-118
5037;787;64554;3952;585;64495;-1085;-202;-59
-353;830;67082;-1446;690;67178;-1093;-140;96
1501;928;69414;454;803;69574;-1047;-125;160
2898;857;64838;1892;676;64795;-1006;-181;-43
3882;880;65133;2795;652;65131;-1087;-228;-2
-3070;883;68583;-4154;777;68634;-1084;-106;51
-2777;990;69451;-3890;907;69512;-1113;-83;61
-3391;1096;67371;-4445;1014;67473;-1054;-82;102
2785;947;68013;1747;897;68130;-1038;-50;117
3590;1017;69593;2495;848;69617;-1095;-169;24
8687;985;62850;7664;832;62681;-1023;-153;-169
6324;1069;65400;5246;921;65370;-1078;-148;-30
4227;881;61177;3194;648;61097;-1033;-233;-80
6570;964;62815;5455;806;62828;-1115;-158;13
5330;1040;67049;4276;937;67045;-1054;-103;-4
8362;993;63966;7309;839;63839;-1053;-154;-127
8531;1117;64208;7487;969;64133;-1044;-148;-75
1087;1234;69727;-26;1116;69906;-1113;-118;179
623;1125;68460;-484;965;68721;-1107;-160;261
-998;1116;65167;-2079;959;65186;-1081;-157;19
2641;1094;61443;1510;828;61272;-1131;-266;-171
4725;1241;68774;3705;1109;68722;-1020;-132;-52
6012;1179;64162;4953;1046;64088;-1059;-133;-74
3748;1311;70858;2670;1202;70950;-1078;-109;92
8503;1222;60119;7504;1139;60046;-999;-83;-73
7972;1206;59432;6940;1028;59322;-1032;-178;-110
7719;1229;61193;6723;1012;61066;-996;-217;-127
-3144;1322;66624;-4228;1176;66682;-1084;-146;58
4357;1291;65904;3283;1193;65840;-1074;-98;-64
6459;1334;66741;5399;1098;66567;-1060;-236;-174
-1861;1404;69545;-2965;1298;69584;-1104;-106;39
1856;1547;68798;808;1465;68862;-1048;-82;64
-222;1333;63777;-1284;1080;63837;-1062;-253;60
3723;1520;68041;2644;1393;67974;-1079;-127;-67
-2588;1638;70176;-3717;1534;70211;-1129;-104;35
-2768;1637;69269;-3881;1566;69291;-1113;-71;22
3291;1509;71200;2222;1344;71266;-1069;-165;66
351;1506;67917;-693;1385;67987;-1044;-121;70
3122;1691;69237;2024;1621;69449;-1098;-70;212
2554;1529;68320;1454;1363;68234;-1100;-166;-86
4860;1453;64637;3845;1223;64510;-1015;-230;-127
7686;1498;64922;6575;1301;64754;-1111;-197;-168
-1083;1574;71242;-2197;1423;71313;-1114;-151;71
-534;1589;70620;-1682;1446;70705;-1148;-143;85
-856;1538;68681;-1930;1411;68710;-1074;-127;29
-1629;1514;66010;-2730;1347;65975;-1101;-167;-35
6009;1609;69071;4933;1461;69011;-1076;-148;-60
7448;1811;63045;6491;1651;62954;-957;-160;-91
6480;1544;61276;5345;1419;61160;-1135;-125;-116
8237;1965;64735;7218;1746;64579;-1019;-219;-156
9353;1579;62823;8272;1429;62701;-1081;-150;-122
8073;1644;63626;7092;1472;63598;-981;-172;-28
4685;1622;62270;3613;1469;62288;-1072;-153;18
8037;1796;67710;6952;1607;67693;-1085;-189;-17
6979;1966;65364;5931;1841;65301;-1048;-125;-63
5592;1770;67890;4516;1664;67784;-1076;-106;-106
7674;1679;61864;6639;1532;61729;-1035;-147;-135
9473;1794;64476;8370;1589;64289;-1103;-205;-187
6246;1807;66807;5180;1648;66717;-1066;-159;-90
8701;1708;61264;7593;1574;61177;-1108;-134;-87
1953;1815;66997;881;1619;66995;-1072;-196;-2
1368;1830;65186;264;1646;65135;-1104;-184;-51
7006;1823;64713;5951;1633;64581;-1055;-190;-132
8778;1929;64856;7713;1796;64733;-1065;-133;-123
5531;1855;65865;4427;1711;65767;-1104;-144;-98
5039;2021;66462;3991;1843;66326;-1048;-178;-136
4673;2075;65317;3617;1884;65228;-1056;-191;-89
-2145;2003;68998;-3249;1938;69042;-1104;-65;44
511;2317;70513;-676;2210;70579;-1187;-107;66
-1206;1930;65315;-2290;1714;65302;-1084;-216;-13
4345;1973;62834;3296;1823;62791;-1049;-150;-43
1871;2175;70592;732;2035;70785;-1139;-140;193
3189;2213;70445;2164;2107;70473;-1025;-106;28
-1632;2145;69824;-2679;1995;69968;-1047;-150;144
9273;2102;63204;8250;1940;63020;-1023;-162;-184
3913;2230;69412;2790;2032;69419;-1123;-198;7
-1979;2116;66677;-3108;1960;66729;-1129;-156;52
4348;2254;67047;3237;2121;66974;-1111;-133;-73
8379;2303;66089;7327;2137;65968;-1052;-166;-121
6312;2405;62405;5326;2333;62220;-986;-72;-185
7231;2212;63204;6185;1969;63047;-1046;-243;-157
6866;2158;61876;5825;1955;61776;-1041;-203;-100
-2352;2416;70057;-3441;2326;70208;-1089;-90;151
-467;2462;71334;-1557;2325;71509;-1090;-137;175
7596;2277;62050;6586;2266;61956;-1010;-11;-94
9559;2322;63132;8515;2191;62933;-1044;-131;-199
6651;2442;67971;5529;2342;68039;-1122;-100;68
2609;2446;65837;1540;2291;65898;-1069;-155;61
-2429;2411;67872;-3531;2240;67880;-1102;-171;8
4620;2476;64523;3542;2346;64419;-1078;-130;-104
-1021;2642;71202;-2095;2483;71382;-1074;-159;180
-984;2657;66787;-2067;2491;66851;-1083;-166;64
8457;2593;64503;7416;2447;64427;-1041;-146;-76
1744;2538;65577;780;2350;65521;-964;-188;-56
8485;2567;62829;7437;2417;62727;-1048;-150;-102
9744;2601;62825;8751;2428;62668;-993;-173;-157
7400;2664;64920;6356;2459;64810;-1044;-205;-110
5185;2608;63346;4188;2430;63224;-997;-178;-122
428;2839;69174;-685;2770;69313;-1113;-69;139
6618;2698;63836;5549;2476;63683;-1069;-222;-153
7067;2853;66472;5981;2731;66512;-1086;-122;40
-2872;2787;69018;-3984;2608;69050;-1112;-179;32
-885;2915;70932;-1966;2721;70859;-1081;-194;-73
8523;2928;66804;7455;2752;66754;-1068;-176;-50
4630;2949;69782;3522;2850;69862;-1108;-99;80
2085;2885;66220;1038;2754;66189;-1047;-131;-31
5092;2888;65558;4037;2756;65500;-1055;-132;-58
4429;2966;66430;3422;2817;66259;-1007;-149;-171
7950;3044;67509;6897;2714;67456;-1053;-330;-53
9062;2910;63549;8026;2719;63440;-1036;-191;-109
-1671;3124;70854;-2799;3058;71010;-1128;-66;156
9185;2913;62328;8129;2750;62195;-1056;-163;-133
3643;3141;69308;2560;2986;69375;-1083;-155;67
8957;3046;64299;7860;2852;64205;-1097;-194;-94
5149;3235;69295;4115;3124;69233;-1034;-111;-62
382;3292;71226;-699;3276;71468;-1081;-16;242
-2313;3166;69933;-3443;3015;70100;-1130;-151;167
-1324;3263;68311;-2417;3183;68437;-1093;-80;126
4642;3499;71328;3473;3300;71360;-1169;-199;32
6407;3368;64895;5385;3196;64796;-1022;-172;-99
9189;3361;65030;8145;3176;64952;-1044;-185;-78
11187;3597;65021;10131;3433;64823;-1056;-164;-198
10356;3375;63189;9382;3119;63113;-974;-256;-76
1696;3547;68971;614;3515;69102;-1082;-32;131
7011;3538;68608;5943;3266;68530;-1068;-272;-78
5823;3549;66093;4813;3353;65963;-1010;-196;-130
8404;3460;66318;7372;3211;66184;-1032;-249;-134
7388;3576;67672;6316;3355;67580;-1072;-221;-92
3185;3671;71630;2078;3493;71623;-1107;-178;-7
11946;3536;63641;10901;3270;63462;-1045;-266;-179
-1452;3541;69253;-2558;3436;69326;-1106;-105;73
5255;3536;66663;4233;3418;66542;-1022;-118;-121
5707;3834;67578;4755;3627;67448;-952;-207;-130
11793;3557;64676;10753;3340;64488;-1040;-217;-188
10498;3614;65821;9421;3374;65756;-1077;-240;-65
1046;3830;72773;-68;3808;72968;-1114;-22;195
8026;3529;63679;7011;3390;63490;-1015;-139;-189
10149;3602;64451;9050;3481;64220;-1099;-121;-231
-314;3770;70651;-1449;3655;70898;-1135;-115;247
2993;3822;69572;1985;3670;69585;-1008;-152;13
8558;3556;63289;7548;3366;63119;-1010;-190;-170
4373;3818;69072;3285;3698;69111;-1088;-120;39
6404;3886;67962;5356;3632;67957;-1048;-254;-5
-1493;3912;70596;-2595;3734;70817;-1102;-178;221
9824;3790;64962;8777;3607;64866;-1047;-183;-96
9442;3930;64383;8411;3750;64207;-1031;-180;-176
3335;3805;66011;2291;3693;66033;-1044;-112;22
8196;3932;67225;7116;3689;67122;-1080;-243;-103
8406;3911;66571;7360;3689;66442;-1046;-222;-129
6922;3843;63855;5885;3675;63657;-1037;-168;-198
10022;3778;62917;8927;3561;62680;-1095;-217;-237
443;3898;67782;-663;3809;67940;-1106;-89;158
-525;4046;71515;-1611;3912;71678;-1086;-134;163
2768;4144;71837;1659;4059;71978;-1109;-85;141
8027;3873;63977;6995;3699;63850;-1032;-174;-127
8415;3880;65116;7382;3732;64990;-1033;-148;-126
9232;3958;65797;8228;3767;65723;-1004;-191;-74
11912;4053;64066;10781;3835;63558;-1131;-218;-508
11527;3853;63147;10418;3546;62982;-1109;-307;-165
3867;3987;65458;2875;3768;65358;-992;-219;-100
-1093;4260;69715;-2219;4092;69860;-1126;-168;145
-385;4205;69299;-1498;4041;69138;-1113;-164;-161
7109;4269;68700;5999;4027;68595;-1110;-242;-105
8353;4220;63747;7360;4006;63468;-993;-214;-279
10055;4229;66523;9004;4003;66424;-1051;-226;-99
2458;4369;71153;1374;4249;71319;-1084;-120;166
2710;4139;66599;1709;3997;66565;-1001;-142;-34
6804;4371;69866;5770;4068;69927;-1034;-303;61
6905;4250;67103;5888;4022;66975;-1017;-228;-128
4984;4109;64724;3971;3962;64584;-1013;-147;-140
6337;4104;64228;5377;3967;64092;-960;-137;-136
1902;4588;73097;799;4530;73219;-1103;-58;122
4523;4377;67502;3525;4175;67465;-998;-202;-37
9233;4218;63743;8219;4053;63540;-1014;-165;-203
3357;4487;70036;2299;4339;70081;-1058;-148;45
5301;4610;70468;4229;4402;70410;-1072;-208;-58
5954;4589;69649;4960;4290;69613;-994;-299;-36
7538;4295;64200;6518;4127;64013;-1020;-168;-187
8011;4437;65794;7028;4181;65634;-983;-256;-160
12098;4331;63294;11056;4180;63167;-1042;-151;-127
900;4424;68053;-184;4288;68160;-1084;-136;107
10981;4495;63051;9962;4224;62913;-1019;-271;-138
2703;4476;67907;1681;4317;67930;-1022;-159;23
10896;4369;63463;9910;4083;63381;-986;-286;-82
175;4703;71597;-955;4558;71739;-1130;-145;142
6573;4425;65385;5601;4297;65226;-972;-128;-159
6716;4741;68966;5687;4462;68966;-1029;-279;0
9896;4711;66759;8920;4482;66589;-976;-229;-170
12850;4607;63287;11780;4397;62945;-1070;-210;-342
3591;4959;72190;2492;4817;72271;-1099;-142;81
1049;4936;71889;-56;4810;72106;-1105;-126;217
2256;4870;70849;1194;4816;70904;-1062;-54;55
1216;4758;68657;161;4655;68787;-1055;-103;130
5279;4678;67048;4251;4474;66971;-1028;-204;-77
6507;4795;67441;5392;4498;67402;-1115;-297;-39
8113;4799;66676;7095;4562;66524;-1018;-237;-152
10715;4742;63413;9702;4507;63289;-1013;-235;-124
644;5218;72607;-469;5062;72798;-1113;-156;191
4892;5257;72816;3824;5039;72869;-1068;-218;53
4199;5373;71103;3088;5207;71160;-1111;-166;57
4025;5238;70500;2995;5156;70618;-1030;-82;118
7744;5181;69712;6730;4927;69695;-1014;-254;-17
10491;4855;63910;9458;4634;63749;-1033;-221;-161
5591;4931;65746;4678;4726;65625;-913;-205;-121
1071;5421;73375;-75;5318;73522;-1146;-103;147
12623;5174;66606;11569;4858;66254;-1054;-316;-352
7394;4986;65367;6352;4850;65280;-1042;-136;-87
11126;5325;67476;10065;5089;67269;-1061;-236;-207
10716;5217;66491;9733;4953;66283;-983;-264;-208
10467;5323;66179;9491;5111;65999;-976;-212;-180
11674;4944;62808;10617;4662;62580;-1057;-282;-228
8507;5383;69351;7356;5122;69234;-1151;-261;-117
3492;5495;72573;2372;5330;72736;-1120;-165;163
2615;5610;71726;1537;5586;71750;-1078;-24;24
1615;5379;69854;543;5221;69862;-1072;-158;8
2391;5271;68841;1387;5120;68882;-1004;-151;41
4590;5626;69606;3525;5454;69552;-1065;-172;-54
4203;5353;68805;3154;5165;68885;-1049;-188;80
871;5478;72038;-254;5313;72220;-1125;-165;182
9758;5385;67322;8750;5127;67239;-1008;-258;-83
-621;5413;71105;-1737;5195;71330;-1116;-218;225
11189;5108;62982;10188;4846;62775;-1001;-262;-207
9126;5248;64418;8130;5088;64269;-996;-160;-149
629;5554;70598;-506;5434;70728;-1135;-120;130
9769;5505;66529;8749;5259;66359;-1020;-246;-170
10252;5303;64226;9237;5030;64013;-1015;-273;-213
3661;5675;70472;2627;5592;70524;-1034;-83;52
12160;5527;66277;11149;5308;66102;-1011;-219;-175
11401;5585;65269;10378;5293;65053;-1023;-292;-216
6595;5593;67901;5528;5332;67815;-1067;-261;-86
7242;5834;69516;6196;5560;69404;-1046;-274;-112
9403;5460;64753;8405;5253;64591;-998;-207;-162
11819;5448;62662;10732;5099;62360;-1087;-349;-302
6004;6011;71600;4881;5761;71623;-1123;-250;23
10848;5972;68900;9761;5680;68906;-1087;-292;6
9106;5868;68396;8029;5553;68377;-1077;-315;-19
10549;5549;63451;9516;5225;63213;-1033;-324;-238
5395;5843;69213;4351;5603;69174;-1044;-240;-39
745;6109;71990;-377;5920;72233;-1122;-189;243
426;5902;71188;-719;5742;71363;-1145;-160;175
11486;5816;66327;10485;5594;66089;-1001;-222;-238
3865;6218;73331;2732;6082;73502;-1133;-136;171
8521;5922;68158;7518;5589;68128;-1003;-333;-30
5066;6301;74116;3983;6172;74209;-1083;-129;93
1560;6154;70546;486;6052;70646;-1074;-102;100
2928;6731;73861;1807;6639;73986;-1121;-92;125
2032;6167;72205;924;6077;72360;-1108;-90;155
986;6017;69943;-75;5891;69858;-1061;-126;-85
2327;6475;72309;1192;6377;72531;-1135;-98;222
7297;5899;67139;6225;5562;66937;-1072;-337;-202
13507;5856;64594;12473;5584;64506;-1034;-272;-88
3806;6004;67881;2762;5789;67835;-1044;-215;-46
10567;5871;64506;9528;5636;64257;-1039;-235;-249
1793;6358;73416;700;6230;73511;-1093;-128;95
13460;6032;65432;12395;5720;65277;-1065;-312;-155
3069;6061;68583;2017;5919;68707;-1052;-142;124
10543;6026;64936;9589;5833;64723;-954;-193;-213
11509;6154;65237;10448;5891;65029;-1061;-263;-208
7040;6455;71701;5992;6092;71660;-1048;-363;-41
12308;6038;64385;11245;5735;64275;-1063;-303;-110
13434;6058;64221;12358;5729;64076;-1076;-329;-145
6268;6206;67803;5313;5957;67704;-955;-249;-99
8826;6234;67464;7786;5955;67342;-1040;-279;-122
7975;6531;70489;6902;6223;70492;-1073;-308;3
6124;6519;70654;5070;6258;70648;-1054;-261;-6
6866;6486;70063;5851;6166;70021;-1015;-320;-42
4240;6467;69599;3183;6307;69593;-1057;-160;-6
2673;6525;70787;1594;6462;70936;-1079;-63;149
9130;6590;69681;8089;6277;69505;-1041;-313;-176
11254;6417;65622;10220;6128;65449;-1034;-289;-173
2202;6739;72483;1091;6625;72664;-1111;-114;181
13504;6571;66358;12414;6339;66031;-1090;-232;-327
9665;6486;66500;8591;6163;66370;-1074;-323;-130
10589;6630;67543;9550;6303;67379;-1039;-327;-164
10380;6760;69199;9294;6472;69120;-1086;-288;-79
3369;6662;69742;2283;6542;69813;-1086;-120;71
11657;6423;64669;10638;6147;64394;-1019;-276;-275
4382;6668;68171;3363;6471;68168;-1019;-197;-3
3204;7191;74267;2121;7061;74458;-1083;-130;191
8044;7134;72098;7006;6825;72046;-1038;-309;-52
12557;6507;63527;11498;6217;63319;-1059;-290;-208
3779;7045;71008;2734;6877;71192;-1045;-168;184
10487;6974;68573;9466;6714;68337;-1021;-260;-236
9645;6951;67300;8585;6633;67135;-1060;-318;-165
3840;7497;74632;2741;7390;74672;-1099;-107;40
8691;7240;71136;7681;6942;71129;-1010;-298;-7
9155;7016;68810;8068;6760;68666;-1087;-256;-144
6177;7044;69855;5133;6760;69817;-1044;-284;-38
6922;7359;71836;5849;7058;71778;-1073;-301;-58
5587;7117;69033;4585;6873;68935;-1002;-244;-98
6950;6827;67127;6031;6577;66995;-919;-250;-132
2868;7363;73272;1781;7233;73404;-1087;-130;132
5306;7292;72229;4253;7029;72172;-1053;-263;-57
7615;7075;68175;6514;6739;68063;-1101;-336;-112
9958;6908;65809;8920;6632;65636;-1038;-276;-173
12838;7286;68059;11813;6930;67954;-1025;-356;-105
13539;7082;65943;12465;6808;65819;-1074;-274;-124
11506;7324;67783;10477;6985;67615;-1029;-339;-168
11900;7573;68928;10862;7315;68767;-1038;-258;-161
4239;7203;69114;3156;6959;69098;-1083;-244;-16
10136;7129;66549;9126;6800;66340;-1010;-329;-209
11795;7215;66896;10750;6839;66672;-1045;-376;-224
13130;7296;66592;12111;6911;66419;-1019;-385;-173
12598;7077;64438;11506;6770;64251;-1092;-307;-187
13887;7144;63951;12752;6852;63813;-1135;-292;-138
3934;7819;73046;2820;7682;73178;-1114;-137;132
4290;7631;71842;3220;7533;71921;-1070;-98;79
9062;7711;69705;8070;7421;69649;-992;-290;-56
11557;7267;64727;10517;6944;64575;-1040;-323;-152
7165;7635;68824;6132;7349;68722;-1033;-286;-102
7486;7915;70120;6479;7604;70002;-1007;-311;-118
6375;7461;67592;5388;7139;67499;-987;-322;-93
10727;7586;67579;9697;7289;67420;-1030;-297;-159
13016;7350;64137;11954;7072;63882;-1062;-278;-255
5205;7802;70897;4188;7524;70881;-1017;-278;-16
12766;7720;67411;11686;7413;67255;-1080;-307;-156
6850;7839;70304;5833;7471;70200;-1017;-368;-104
10634;7798;68349;9643;7427;68203;-991;-371;-146
3769;8287;72889;2695;8150;73003;-1074;-137;114
4586;8347;74597;3487;8208;74765;-1099;-139;168
11978;7709;66607;11009;7303;66533;-969;-406;-74
12941;7566;65129;11818;7266;64902;-1123;-300;-227
9398;7731;67457;8376;7370;67334;-1022;-361;-123
13725;7875;67328;12663;7525;67286;-1062;-350;-42
2840;8016;71893;1765;7885;72007;-1075;-131;114
14256;7565;64151;13128;7332;63931;-1128;-233;-220
9951;8239;71184;8970;7968;71134;-981;-271;-50
11204;8156;69245;10192;7869;69110;-1012;-287;-135
11203;7817;66420;10205;7472;66152;-998;-345;-268
12067;7891;65572;11049;7568;65389;-1018;-323;-183
11666;7735;64841;10598;7402;64745;-1068;-333;-96
4524;8099;70630;3474;7963;70579;-1050;-136;-51
7596;8510;73164;6623;8177;73156;-973;-333;-8
7751;8115;68997;6701;7809;68857;-1050;-306;-140
4232;8726;74639;3122;8558;74686;-1110;-168;47
9545;8120;68659;8465;7737;68503;-1080;-383;-156
3678;8556;74187;2571;8444;74240;-1107;-112;53
12517;7783;64351;11429;7421;64135;-1088;-362;-216
4906;8802;75000;3857;8672;75184;-1049;-130;184
8364;8516;71737;7259;8186;71646;-1105;-330;-91
5205;8164;69425;4201;7928;69336;-1004;-236;-89
7728;8324;69692;6690;7960;69580;-1038;-364;-112
11629;8349;68240;10679;8026;68175;-950;-323;-65
8993;8526;70663;8014;8238;70456;-979;-288;-207
6265;8674;72759;5212;8424;72736;-1053;-250;-23
10223;8184;66470;9205;7811;66196;-1018;-373;-274
4456;8767;72873;3349;8582;72844;-1107;-185;-29
3924;8560;71694;2847;8406;71770;-1077;-154;76
13738;8083;64118;12727;7718;63998;-1011;-365;-120
7187;8678;71628;6111;8357;71539;-1076;-321;-89
14657;8183;64716;13571;7902;64566;-1086;-281;-150
7422;8567;70054;6359;8236;69981;-1063;-331;-73
9244;8490;68411;8292;8090;68141;-952;-400;-270
6445;8945;73318;5341;8662;73298;-1104;-283;-20
12761;8640;68388;11748;8257;68159;-1013;-383;-229
13728;8500;66720;12640;8055;66508;-1088;-445;-212
8578;9230;74704;7488;8991;74552;-1090;-239;-152
14134;8326;64440;13070;7988;64355;-1064;-338;-85
5065;9070;74070;3978;8875;74119;-1087;-195;49
10397;8531;67246;9366;8135;67033;-1031;-396;-213
12093;8324;65044;10976;7932;64821;-1117;-392;-223
12926;8307;64336;11838;7954;64104;-1088;-353;-232
4269;9124;73394;3187;8951;73520;-1082;-173;126
9776;8935;70386;8818;8569;70135;-958;-366;-251
13897;8609;66421;12804;8295;66244;-1093;-314;-177
12237;8357;64539;11163;7984;64375;-1074;-373;-164
5123;8771;70271;4077;8552;70262;-1046;-219;-9
6389;8852;69849;5325;8532;69768;-1064;-320;-81
14493;8656;65728;13423;8373;65624;-1070;-283;-104
4268;9088;72172;3161;8905;72212;-1107;-183;40
4107;8943;71064;3015;8786;71054;-1092;-157;-10
12400;8711;65800;11322;8324;65510;-1078;-387;-290
12695;8676;66180;11611;8286;66026;-1084;-390;-154
9031;9065;70242;8052;8675;69988;-979;-390;-254
9757;8861;68316;8822;8491;68129;-935;-370;-187
12568;8590;64754;11521;8270;64655;-1047;-320;-99
11426;9010;68594;10412;8654;68287;-1014;-356;-307
11056;8860;66666;10038;8495;66490;-1018;-365;-176
14118;8709;64237;13010;8351;64081;-1108;-358;-156
10302;9380;71407;9294;9120;71230;-1008;-260;-177
10804;9162;69117;9800;8790;68923;-1004;-372;-194
11696;8784;65986;10661;8461;65756;-1035;-323;-230
6948;9552;73480;5878;9229;73358;-1070;-323;-122
14247;8939;66342;13201;8682;66261;-1046;-257;-81
5263;9542;73296;4222;9316;73195;-1041;-226;-101
8256;9294;69865;7284;8936;69706;-972;-358;-159
13023;9132;67128;12026;8716;66993;-997;-416;-135
12077;9384;68400;11064;8987;68076;-1013;-397;-324
14039;8999;64889;12969;8601;64785;-1070;-398;-104
9390;9214;67826;8415;8856;67703;-975;-358;-123
9808;9134;67324;8810;8713;67050;-998;-421;-274
12593;9278;67710;11553;8925;67466;-1040;-353;-244
8162;9563;71286;7141;9188;71173;-1021;-375;-113
12157;9550;69882;11109;9186;69672;-1048;-364;-210
6829;9464;70405;5820;9080;70239;-1009;-384;-166
13530;9299;66344;12439;8806;66046;-1091;-493;-298
5026;9983;74028;3946;9702;74030;-1080;-281;2
9178;9523;68793;8240;9122;68578;-938;-401;-215
11070;9910;72170;10096;9543;71917;-974;-367;-253
14073;9296;66184;13054;8856;65979;-1019;-440;-205
5885;9895;73243;4876;9591;73134;-1009;-304;-109
12764;9427;66884;11713;8988;66700;-1051;-439;-184
13880;9282;65020;12808;8910;64812;-1072;-372;-208
11527;9532;68002;10530;9114;67758;-997;-418;-244
6680;9906;72005;5584;9585;71789;-1096;-321;-216
10690;9590;67187;9679;9201;66923;-1011;-389;-264
11634;9737;68679;10664;9426;68457;-970;-311;-222
4988;10489;74778;3883;10208;74773;-1105;-281;-5
5308;10387;75299;4199;10119;75232;-1109;-268;-67
6852;10001;71459;5778;9601;71237;-1074;-400;-222
6246;9767;70458;5125;9358;70264;-1121;-409;-194
8262;9749;69812;7275;9319;69540;-987;-430;-272
12327;9740;67078;11356;9334;66843;-971;-406;-235
14570;9654;66022;13462;9287;65798;-1108;-367;-224
6459;10620;75668;5386;10414;75722;-1073;-206;54
10017;10034;70109;9040;9667;69768;-977;-367;-341
7725;9928;69851;6699;9541;69631;-1026;-387;-220
8221;10267;72360;7185;9873;72156;-1036;-394;-204
11105;9920;68507;10142;9517;68161;-963;-403;-346
12827;10154;69289;11783;9744;69063;-1044;-410;-226
8119;10417;72842;7139;10061;72696;-980;-356;-146
5486;10519;72825;4402;10265;72680;-1084;-254;-145
6217;10554;74408;5068;10217;74306;-1149;-337;-102
10384;10012;68610;9431;9635;68323;-953;-377;-287
11112;10346;70295;10166;9948;69991;-946;-398;-304
12735;10323;70357;11666;9893;70186;-1069;-430;-171
5422;10489;73254;4370;10191;73199;-1052;-298;-55
5072;10604;73822;3995;10319;73737;-1077;-285;-85
13340;9824;65806;12230;9413;65638;-1110;-411;-168
6023;10427;71709;4979;10112;71552;-1044;-315;-157
13170;10044;66520;12093;9527;66322;-1077;-517;-198
13528;10302;67151;12484;9783;66876;-1044;-519;-275
10126;10367;69458;9126;9942;69231;-1000;-425;-227
5398;10910;74495;4307;10620;74446;-1091;-290;-49
5081;10935;73967;3973;10687;73936;-1108;-248;-31
6384;10470;70846;5347;10130;70727;-1037;-340;-119
11792;10773;71263;10703;10449;71138;-1089;-324;-125
12727;10340;67723;11733;9811;67494;-994;-529;-229
5792;10695;72240;4687;10345;72103;-1105;-350;-137
11526;10358;67537;10527;9924;67326;-999;-434;-211
9595;11041;73223;8607;10673;73065;-988;-368;-158
13489;10443;67766;12465;9915;67530;-1024;-528;-236
13829;10923;68613;12770;10490;68372;-1059;-433;-241
12688;10482;66538;11633;9983;66320;-1055;-499;-218
12994;10427;67134;11928;9956;66874;-1066;-471;-260
9741;10616;69444;8820;10205;69241;-921;-411;-203
10161;10477;68711;9175;10077;68469;-986;-400;-242
12274;10822;69759;11325;10437;69527;-949;-385;-232
10265;10586;68126;9272;10090;67870;-993;-496;-256
11411;10844;67813;10403;10401;67474;-1008;-443;-339
11824;10821;68602;10939;10401;68599;-885;-420;-3
8508;11243;73090;7473;10872;72943;-1035;-371;-147
5394;11373;74612;4271;11122;74560;-1123;-251;-52
6318;11263;73633;5245;10851;73388;-1073;-412;-245
5861;11189;73016;4733;10854;72858;-1128;-335;-158
13713;10934;69026;12645;10472;68800;-1068;-462;-226
8662;11033;71079;7682;10641;70819;-980;-392;-260
7264;11332;73234;6265;10968;73067;-999;-364;-167
6703;11099;71572;5680;10703;71519;-1023;-396;-53
6460;11524;73222;5358;11209;73065;-1102;-315;-157
5996;11247;72447;4936;10933;72312;-1060;-314;-135
9949;11121;70795;8980;10708;70455;-969;-413;-340
13908;10723;66280;12908;10196;66033;-1000;-527;-247
8421;10932;69508;7430;10594;69340;-991;-338;-168
11742;11586;72713;10630;11203;72573;-1112;-383;-140
9038;11860;74747;7935;11550;74697;-1103;-310;-50
12660;10931;67580;11671;10463;67324;-989;-468;-256
14217;11127;68033;13168;10669;67848;-1049;-458;-185
12456;11384;70271;11410;10932;70036;-1046;-452;-235
8748;11051;68473;7819;10705;68243;-929;-346;-230
10061;11709;72441;9041;11344;72249;-1020;-365;-192
10550;11450;70740;9523;11052;70452;-1027;-398;-288
12748;11187;68304;11737;10754;68054;-1011;-433;-250
14084;11149;67019;13023;10647;66727;-1061;-502;-292
11313;11194;68096;10338;10757;67799;-975;-437;-297
6539;12054;74989;5434;11693;74799;-1105;-361;-190
13482;11242;67376;12434;10735;67091;-1048;-507;-285
12411;11704;70607;11416;11299;70297;-995;-405;-310
10178;11963;72556;9154;11572;72367;-1024;-391;-189
8361;11563;70725;7359;11160;70457;-1002;-403;-268
12996;11564;68978;11971;11159;68714;-1025;-405;-264
12286;11692;69545;11266;11265;69239;-1020;-427;-306
8406;12333;74855;7326;11903;74677;-1080;-430;-178
13502;11638;68667;12455;11129;68411;-1047;-509;-256
7106;12180;73826;6027;11783;73588;-1079;-397;-238
6012;12095;73267;4910;11789;73147;-1102;-306;-120
10768;12036;71447;9768;11645;71232;-1000;-391;-215
4620;12195;74532;3444;11828;74315;-1176;-367;-217
7474;12050;72286;6475;11685;72057;-999;-365;-229
13912;11745;68036;12843;11208;67779;-1069;-537;-257
9294;12248;72656;8288;11815;72398;-1006;-433;-258
13979;11560;66795;12906;11011;66510;-1073;-549;-285
9560;11943;70410;8566;11537;70148;-994;-406;-262
13177;11671;67312;12155;11147;67035;-1022;-524;-277
7997;12315;72805;6954;11862;72600;-1043;-453;-205
10515;12129;70786;9509;11643;70495;-1006;-486;-291
6087;12594;74674;5025;12236;74508;-1062;-358;-166
9993;12474;72353;8958;12073;72019;-1035;-401;-334
8793;12011;69624;7761;11643;69419;-1032;-368;-205
10133;12543;71937;9120;12156;71608;-1013;-387;-329
14725;11911;67626;13636;11428;67386;-1089;-483;-240
11803;12139;69821;10787;11706;69427;-1016;-433;-394
13924;11799;67271;12895;11319;67017;-1029;-480;-254
10700;12207;70336;9709;11775;70101;-991;-432;-235
6045;12882;75660;4948;12531;75548;-1097;-351;-112
12002;12065;69003;11043;11631;68762;-959;-434;-241
12755;12050;68439;11709;11631;68065;-1046;-419;-374
13703;12160;68724;12674;11622;68375;-1029;-538;-349
6691;12762;73941;5626;12385;73737;-1065;-377;-204
7913;13171;75055;6850;12673;74815;-1063;-498;-240
7592;12766;73454;6562;12369;73161;-1030;-397;-293
7108;13344;76299;5905;12884;75938;-1203;-460;-361
6157;13119;74355;5096;12701;74179;-1061;-418;-176
9525;13089;74409;8501;12667;74158;-1024;-422;-251
10857;12508;70496;9817;12094;70183;-1040;-414;-313
13387;12213;67748;12360;11672;67529;-1027;-541;-219
12306;12520;69543;11278;12023;69254;-1028;-497;-289
13459;12451;67574;12480;11912;67307;-979;-539;-267
13809;12307;67897;12769;11777;67664;-1040;-530;-233
11402;12860;72088;10443;12401;71743;-959;-459;-345
10150;13133;73910;9111;12650;73608;-1039;-483;-302
9857;13193;73493;8829;12763;73248;-1028;-430;-245
11232;12870;70175;10262;12331;69958;-970;-539;-217
11598;12776;71139;10562;12367;70910;-1036;-409;-229
10695;12621;69473;9692;12157;69175;-1003;-464;-298
14964;12303;67392;14007;11692;67064;-957;-611;-328
7342;13065;73463;6319;12718;73255;-1023;-347;-208
8493;13461;75769;7439;12978;75456;-1054;-483;-313
6870;12793;71349;5817;12375;71092;-1053;-418;-257
8003;13077;73346;6951;12650;73032;-1052;-427;-314
13970;12341;67358;12942;11827;67026;-1028;-514;-332
13448;12572;68679;12400;12010;68374;-1048;-562;-305
9815;12945;71893;8806;12545;71646;-1009;-400;-247
9354;12642;69979;8360;12250;69690;-994;-392;-289
12798;13057;70952;11774;12573;70646;-1024;-484;-306
6385;13199;73494;5297;12861;73282;-1088;-338;-212
8092;13452;74657;7080;12974;74373;-1012;-478;-284
8826;12971;71345;7792;12501;71057;-1034;-470;-288
6129;13594;75859;5045;13228;75702;-1084;-366;-157
9278;13426;73929;8236;12969;73632;-1042;-457;-297
7979;13061;71287;6981;12688;70978;-998;-373;-309
6369;13890;76942;5277;13534;76764;-1092;-356;-178
11703;13365;72130;10706;12907;71831;-997;-458;-299
12112;12795;68830;11133;12318;68430;-979;-477;-400
12136;13054;69598;11167;12548;69237;-969;-506;-361
12851;13227;70509;11955;12838;70189;-896;-389;-320
13101;12760;68254;12134;12293;67870;-967;-467;-384
6060;13623;74815;4982;13172;74621;-1078;-451;-194
8127;13450;72797;7080;13046;72564;-1047;-404;-233
10983;13186;70251;9972;12744;69870;-1011;-442;-381
6807;13985;75918;5785;13658;75700;-1022;-327;-218
9408;13623;72909;8424;13205;72541;-984;-418;-368
6939;14041;75413;5887;13670;75176;-1052;-371;-237
7695;14345;76748;6612;13944;76505;-1083;-401;-243
6262;14307;76014;5180;13941;75745;-1082;-366;-269
6643;14227;76532;5550;13821;76366;-1093;-406;-166
12091;13189;69194;11104;12675;68794;-987;-514;-400
10824;13731;72614;9779;13276;72310;-1045;-455;-304
10226;13438;70757;9180;13036;70389;-1046;-402;-368
9011;13396;70677;8075;12989;70360;-936;-407;-317
13574;13099;67701;12531;12549;67403;-1043;-550;-298
7641;14034;74380;6604;13553;74037;-1037;-481;-343
7129;13966;73450;6121;13570;73144;-1008;-396;-306
12031;13450;69539;10984;12928;69210;-1047;-522;-329
13522;13353;68521;12490;12753;68177;-1032;-600;-344
10238;13952;72379;9180;13447;72074;-1058;-505;-305
11043;13712;70815;10035;13234;70503;-1008;-478;-312
7973;14116;74016;6950;13652;73704;-1023;-464;-312
7591;13892;72687;6573;13482;72395;-1018;-410;-292
12891;13561;69314;11876;13017;68951;-1015;-544;-363
7978;13790;71800;6966;13467;71467;-1012;-323;-333
11161;14756;75558;10132;14232;75159;-1029;-524;-399
9393;13897;71904;8413;13448;71582;-980;-449;-322
6584;14418;75510;5529;14026;75213;-1055;-392;-297
6341;14640;76645;5267;14220;76423;-1074;-420;-222
10256;14519;74681;9238;14112;74396;-1018;-407;-285
8769;13826;71377;7760;13437;71102;-1009;-389;-275
7855;14972;77679;6795;14588;77407;-1060;-384;-272
6737;14363;74570;5650;13975;74298;-1087;-388;-272
11024;13797;70353;10020;13278;70044;-1004;-519;-309
11552;13663;69445;10570;13118;69078;-982;-545;-367
12779;14286;71834;11748;13807;71409;-1031;-479;-425
6832;14316;73791;5784;13933;73480;-1048;-383;-311
7123;14869;75100;6065;14524;74772;-1058;-345;-328
7801;14955;76449;6711;14533;76207;-1090;-422;-242
9461;14776;75579;8400;14371;75294;-1061;-405;-285
8223;13971;71540;7237;13574;71222;-986;-397;-318
8069;14836;75658;6971;14364;75275;-1098;-472;-383
9573;14025;70909;8581;13612;70617;-992;-413;-292
10618;14504;73264;9549;14005;72716;-1069;-499;-548
12225;14425;72513;11233;14013;72165;-992;-412;-348
10687;13946;70245;9703;13463;69882;-984;-483;-363
13142;13931;68757;12111;13442;68331;-1031;-489;-426
13756;14140;70053;12665;13667;69652;-1091;-473;-401
14303;14000;68826;13225;13372;68517;-1078;-628;-309
6586;15052;76552;5523;14665;76274;-1063;-387;-278
6793;15354;77257;5718;15002;76971;-1075;-352;-286
12010;14531;71943;11008;14084;71540;-1002;-447;-403
12652;14206;69862;11587;13744;69491;-1065;-462;-371
13789;14032;68625;12719;13471;68302;-1070;-561;-323
9398;15012;74906;8351;14573;74606;-1047;-439;-300
9849;14253;70834;8874;13880;70477;-975;-373;-357
10733;14375;70963;9699;13933;70582;-1034;-442;-381
7666;14916;74160;6606;14569;73877;-1060;-347;-283
9383;15000;74368;8360;14601;73999;-1023;-399;-369
8947;15668;77790;7802;15262;77717;-1145;-406;-73
7665;14573;72248;6641;14262;71954;-1024;-311;-294
10138;14658;71849;9137;14290;71500;-1001;-368;-349
8822;14645;71973;7851;14289;71539;-971;-356;-434
6380;15300;76126;5312;14922;75884;-1068;-378;-242
13230;14505;68687;12236;13841;68336;-994;-664;-351
13844;14610;70053;12649;14054;69719;-1195;-556;-334
13316;14402;68983;12272;13821;68666;-1044;-581;-317
7250;15556;76939;6188;15185;76660;-1062;-371;-279
6800;15284;75376;5754;14944;75070;-1046;-340;-306
7801;14929;73021;6754;14581;72752;-1047;-348;-269
9666;15504;75798;8586;15035;75444;-1080;-469;-354
7429;15522;76178;6404;15109;75912;-1025;-413;-266
9476;15546;74787;8395;15149;74426;-1081;-397;-361
6613;15735;76401;5566;15374;76035;-1047;-361;-366
6662;15932;76570;5588;15609;76261;-1074;-323;-309
9825;14804;70844;8802;14397;70481;-1023;-407;-363
12766;14775;69889;11685;14189;69529;-1081;-586;-360
9258;15039;71722;8208;14653;71368;-1050;-386;-354
6853;15721;75725;5801;15296;75352;-1052;-425;-373
7944;15306;73283;6846;14967;72951;-1098;-339;-332
7697;15586;74539;6593;15172;74098;-1104;-414;-441
12181;14977;70112;11196;14449;69736;-985;-528;-376
11778;15356;72083;10708;14862;71705;-1070;-494;-378
13877;15014;69643;12854;14411;69324;-1023;-603;-319
8037;15326;72509;6992;14990;72206;-1045;-336;-303
9311;15502;73086;8229;15099;72624;-1082;-403;-462
7760;16291;77246;6737;15847;77045;-1023;-444;-201
6570;16254;77048;5465;15851;76724;-1105;-403;-324
8140;15771;74203;7032;15456;73879;-1108;-315;-324
12344;15390;70547;11284;14853;70167;-1060;-537;-380
7387;16087;75558;6231;15695;75045;-1156;-392;-513
7952;16085;74931;6868;15691;74472;-1084;-394;-459
6713;16371;76806;5606;15961;76448;-1107;-410;-358
10366;15568;71746;9331;15155;71308;-1035;-413;-438
11559;15384;70482;10522;14907;70067;-1037;-477;-415
6720;16200;75835;5671;15819;75497;-1049;-381;-338
12897;15305;69528;11881;14678;69103;-1016;-627;-425
9444;15591;71748;8398;15214;71303;-1046;-377;-445
14400;15291;68759;13328;14681;68458;-1072;-610;-301
8078;16122;74069;6974;15710;73735;-1104;-412;-334
9376;15941;72643;8328;15556;72157;-1048;-385;-486
6702;16553;76495;5643;16115;76173;-1059;-438;-322
6794;16905;77078;5675;16483;76727;-1119;-422;-351
7721;16473;75497;6656;16033;75109;-1065;-440;-388
8009;16646;76635;6934;16192;76216;-1075;-454;-419
9205;16640;75966;8189;16287;75555;-1016;-353;-411
9238;16170;73173;8153;15826;72788;-1085;-344;-385
11131;15806;70993;10109;15356;70500;-1022;-450;-493
13775;15784;70144;12697;15222;69760;-1078;-562;-384
10793;16456;73909;9699;16044;73577;-1094;-412;-332
7856;16940;76782;6753;16514;76365;-1103;-426;-417
13298;15822;69548;12265;15236;69172;-1033;-586;-376
8858;16692;74775;7775;16319;74346;-1083;-373;-429
11600;15883;70113;10571;15389;69744;-1029;-494;-369
9936;16652;74071;8832;16204;73715;-1104;-448;-356
10468;16137;71436;9470;15683;71026;-998;-454;-410
9326;16686;74078;8275;16204;73585;-1051;-482;-493
12978;15890;69032;11894;15200;68618;-1084;-690;-414
12325;15996;69724;11260;15493;69293;-1065;-503;-431
7843;17503;77858;6741;17073;77543;-1102;-430;-315
9183;17502;76871;8115;17063;76426;-1068;-439;-445
8322;17008;75145;7246;16530;74635;-1076;-478;-510
9376;17185;75663;8301;16693;75288;-1075;-492;-375
11576;16342;70866;10524;15936;70378;-1052;-406;-488
7396;17223;76101;6321;16813;75702;-1075;-410;-399
9738;16530;72155;8703;16122;71777;-1035;-408;-378
10991;16499;71458;9986;16021;71117;-1005;-478;-341
10768;16649;72184;9727;16206;71742;-1041;-443;-442
8917;17094;74142;7811;16700;73761;-1106;-394;-381
11840;16723;71567;10772;16235;71175;-1068;-488;-392
12495;16437;70225;11387;15899;69771;-1108;-538;-454
9309;17490;76107;8263;17090;75720;-1046;-400;-387
9341;17042;73660;8279;16537;73329;-1062;-505;-331
11718;17007;73041;10606;16527;72536;-1112;-480;-505
7590;17670;77096;6480;17262;76720;-1110;-408;-376
7700;17940;77235;6567;17546;76787;-1133;-394;-448
11128;17294;74379;10103;16857;73924;-1025;-437;-455
11760;16551;70169;10706;16036;69787;-1054;-515;-382
11727;17392;74097;10665;16942;73570;-1062;-450;-527
8294;17485;75182;7171;17116;74737;-1123;-369;-445
8153;17634;75651;7070;17200;75260;-1083;-434;-391
11399;16866;71058;10332;16384;70621;-1067;-482;-437
11821;16803;70638;10791;16346;70247;-1030;-457;-391
12952;16913;70751;11880;16362;70272;-1072;-551;-479
9753;17585;74672;8684;17174;74239;-1069;-411;-433
10027;17284;73241;8994;16823;72687;-1033;-461;-554
13360;16841;69944;12327;16305;69574;-1033;-536;-370
9476;17289;72834;8406;16910;72497;-1070;-379;-337
11036;17469;73095;10020;17056;72639;-1016;-413;-456
8149;18446;77884;7018;18016;77525;-1131;-430;-359
10811;17398;72255;9750;16973;71742;-1061;-425;-513
8815;17794;74608;7751;17327;74097;-1064;-467;-511
13736;17002;69674;12609;16407;69271;-1127;-595;-403
8613;18474;77107;7508;18034;76673;-1105;-440;-434
10107;17920;74332;9107;17407;73856;-1000;-513;-476
9771;18229;75799;8732;17774;75255;-1039;-455;-544
13596;17818;72392;12601;17228;71879;-995;-590;-513
12579;17204;70008;11501;16656;69548;-1078;-548;-460
9867;18092;74676;8790;17647;74205;-1077;-445;-471
10431;18398;75555;9330;17925;75000;-1101;-473;-555
12548;17553;71357;11470;17049;70934;-1078;-504;-423
8432;18717;77528;7289;18180;77093;-1143;-537;-435
12918;17281;69879;11871;16669;69412;-1047;-612;-467
8252;18777;77798;7119;18409;77355;-1133;-368;-443
8704;18571;76212;7566;18101;75749;-1138;-470;-463
8965;18745;77157;7885;18317;76835;-1080;-428;-322
10833;17962;72989;9735;17497;72498;-1098;-465;-491
12476;17596;70914;11475;17104;70457;-1001;-492;-457
11092;17903;72371;10060;17379;71881;-1032;-524;-490
10037;18096;73445;9044;17614;72976;-993;-482;-469
8277;18899;77002;7182;18437;76625;-1095;-462;-377
8468;19120;77572;7349;18633;77198;-1119;-487;-374
9893;18418;74290;8806;17971;73797;-1087;-447;-493
10735;18529;74420;9731;18064;73932;-1004;-465;-488
9302;18917;76110;8094;18396;75406;-1208;-521;-704
9809;19147;76969;8693;18618;76498;-1116;-529;-471
11776;18068;71724;10757;17504;71235;-1019;-564;-489
10267;18473;73552;9275;18052;73083;-992;-421;-469
9987;18997;75791;8939;18460;75384;-1048;-537;-407
11868;18410;72323;10849;17876;71815;-1019;-534;-508
10021;18867;74507;8829;18252;73850;-1192;-615;-657
12189;18345;71593;11118;17742;71039;-1071;-603;-554
11942;18917;73981;10993;18484;73861;-949;-433;-120
13232;18552;72073;12305;17913;71547;-927;-639;-526
10618;18665;73063;9675;18177;72829;-943;-488;-234
9361;19268;75945;8293;18721;75480;-1068;-547;-465
14030;18355;70535;12959;17744;70069;-1071;-611;-466
12611;18429;71220;11554;17825;70822;-1057;-604;-398
10686;19877;77691;9586;19405;77089;-1100;-472;-602
9797;19045;74275;8722;18421;73849;-1075;-624;-426
11871;18691;71661;10813;18137;71163;-1058;-554;-498
11012;18748;72172;10010;18208;71604;-1002;-540;-568
10560;19462;75118;9465;18971;74632;-1095;-491;-486
12642;18902;72176;11569;18274;71676;-1073;-628;-500
13382;18602;70543;12304;17914;69976;-1078;-688;-567
10064;19774;76199;8895;19266;75585;-1169;-508;-614
10571;19179;72883;9544;18697;72345;-1027;-482;-538
12133;18865;71196;11097;18306;70649;-1036;-559;-547
9403;19764;75418;8336;19197;74974;-1067;-567;-444
12549;18898;70845;11519;18291;70330;-1030;-607;-515
10191;19673;74588;9143;19006;74049;-1048;-667;-539
11306;19645;74029;10319;19048;73457;-987;-597;-572
11953;19408;72624;10965;18807;72073;-988;-601;-551
11205;20007;74802;10259;19432;74335;-946;-575;-467
11023;19421;72192;10055;18788;71625;-968;-633;-567
10674;19889;73957;9684;19315;73526;-990;-574;-431
12730;20112;73932;11632;19480;73343;-1098;-632;-589
12470;19837;73190;11510;19188;72650;-960;-649;-540
9532;20418;76166;8386;19841;75685;-1146;-577;-481
10424;20049;74304;9404;19402;73705;-1020;-647;-599
13207;19496;71101;12125;18857;70482;-1082;-639;-619
11438;19968;73508;10463;19339;72993;-975;-629;-515
13868;19540;71242;12784;18877;70548;-1084;-663;-694
12021;19592;71615;11032;18969;71022;-989;-623;-593
10704;20067;73641;9742;19445;73112;-962;-622;-529
12758;19983;72637;11753;19331;72103;-1005;-652;-534
10096;20537;75325;9079;20026;74754;-1017;-511;-571
13267;19842;71716;12233;19238;71155;-1034;-604;-561
11597;20006;72639;10589;19381;72057;-1008;-625;-582
10929;20020;72903;9956;19452;72354;-973;-568;-549
12222;20086;72561;11281;19456;71970;-941;-630;-591
12626;19845;71570;11691;19181;71001;-935;-664;-569
10620;20182;73298;9623;19552;72821;-997;-630;-477
12153;20179;71944;11206;19533;71289;-947;-646;-655
10433;20904;74979;9404;20282;74439;-1029;-622;-540
11924;20410;72542;10920;19747;71851;-1004;-663;-691
11126;20890;74473;10135;20273;73952;-991;-617;-521
11118;20564;72872;10114;19859;72234;-1004;-705;-638
11884;20798;73581;10903;20253;73044;-981;-545;-537
11107;21282;74989;10134;20677;74502;-973;-605;-487
